launch= [
    65536,1,1;

    ];
result= [
    1.560e+00
    8.038e-01
    ];